estatura  peso	pie	lbrazo	anchoes	dcraneo	lrodtob	País_de_procedencia
159,00	49,00 36,00	68,00	42,00	57,00	40,00	España
164,00	62,00	39,00	73,00	44,00	55,00	44,00	América
172,00	65,00	38,00	75,00	48,00	58,00	44,00	India
167,00	52,00	37,00	73,00	41,50	58,00	44,00	España
164,00	51,00	36,00	71,00	44,50	54,00	40,00	América
161,00	67,00	38,00	71,00	44,00	56,00	42,00	India
168,00	48,00	39,00	72,50	41,00	54,50	43,00	India
181,00	74,00	43,00	74,00	50,00	60,00	47,00	China
183,00	74,00	41,00	79,00	47,50	59,50	47,00	España
158,00	50,00	36,00	68,50	44,00	57,00	41,00	China
156,00	65,00	36,00	68,00	46,00	58,00	41,00	América
173,00	64,00	40,00	79,00	48,00	56,50	47,00	India
158,00	43,00	36,00	68,00	43,00	55,00	39,00	India
178,00	74,00	42,00	75,00	50,00	59,00	45,00	España
181,00	76,00	43,00	83,00	51,00	57,00	43,00	España
182,00	91,00	41,00	83,00	53,00	59,00	43,00	España
176,00	73,00	42,00	78,00	48,00	58,00	45,00	América
162,00	68,00	39,00	72,00	44,00	59,00	42,00	China
156,00	52,00	36,00	67,00	36,00	56,00	41,00	China
152,00	45,00	34,00	66,00	40,00	55,00	38,00	China
181,00	80,00	43,00	76,00	49,00	57,00	46,00	España
173,00	69,00	41,00	74,00	48,00	56,00	44,00	América
155,00	53,00	36,00	67,00	43,00	56,00	38,00	India
189,00	87,00	45,00	82,00	53,00	61,00	52,00	España
170,00	70,00	38,00	73,00	45,00	56,00	43,00	India
170,00	67,00	40,00	77,00	46,50	58,00	44,50	India
168,00	56,00	37,50	70,50	48,00	60,00	40,00	España
